 4154
 8144
 1674
 6540
 1257
 6221
 5876
 9877
 2512
 6876
 1701
 6593
 1150
 6199
 1326
 6357
 1789
 6626
 1883
 6638
 1275
 6296
 5492
 9465
 5271
 8848
 2293
 6853
 3139
 7557
 2525
 6960
 5054
 8730
 5457
 9464
 3044
 7529
 1108
 6176
 2278
 6837
 1565
 6438
 5542
 9486
 5797
 9756
 2742
 7200
 6157
 9924
 1197
 6202
 2886
 7367
 2583
 7141
 5397
 9365
 4841
 8608
 2979
 7456
 4467
 8495
 1916
 6688
 1894
 6684
 3429
 7676
 5330
 8863
 4328
 8344
 5244
 8826
 1068
 6167
 4959
 8701
 6147
 9909
 4870
 8655
 4839
 8597
 5751
 9642
 3411
 7655
 1631
 6517
 5616
 9624
 1419
 6366
 5122
 8781
 4456
 8450
 2759
 7271
 2946
 7378
 4371
 8402
 2714
 7172
 3627
 7730
 5696
 9625
 1573
 6500
 5373
 9268
 4646
 8512
 5765
 9728
 2308
 6860
 5097
 8757
 3420
 7669
 3926
 8036
 4146
 8089
 4176
 8227
 2947
 7448
 3760
 7867
 2497
 6875
 2536
 6996
 5605
 9604
 5811
 9814
 2884
 7355
 1998
 6713
 4274
 8268
 3717
 7775
 4106
 8077
 3030
 7481
 3509
 7711
