7369
6960
9877
1900
6859
8399
9268
2662
8863
9758
4839
6152
8597
5751
4618
9483
7448
5054
4284
9728
8089
9604
2359
7172
8144
9814
1753
8512
8757
7170
7775
6357
2553
6167
2293
8528
5761
5765
9697
5543
2747
2950
3696
7271
5615
7441
7244
5492
5330
8716
8655
1566
8268
7367
1275
2947
8088
5538
1573
4404
9625
2714
7847
1022
7621
5373
3115
6299
9909
4959
8605
5119
5616
9527
4106
4870
1605
1883
2278
4328
6438
7200
2886
6147
8701
6573
7774
6717
1375
8670
8826
5094
6685
6948
4463
5696
1998
9239
3956
6860
8344
6698
1894
3926
5418
8745
5605
5647
6202
5255
3750
1264
1150
5362
2884
5879
7933
9756
7711
5542
7378
4847
7670
1197
1326
8227
8036
3578
6540
6655
6176
7676
3040
2742
1631
1701
4164
2536
2291
6961
7668
2512
2759
7730
3030
3411
1152
7123
7669
5797
8093
5389
7529
3509
2535
4230
3218
9902
7655
7183
8443
4467
7456
5271
1257
8077
6204
4371
1419
6500
3026
9398
6249
2736
2497
5122
7338
9821
8786
9642
3139
1674
1791
5848
2303
6875
8620
1068
5304
5728
6713
3414
6593
1885
6481
6517
1458
8051
4146
6876
4999
8730
9464
1789
8191
8835
2979
4154
9330
2525
5799
4150
7355
8848
7141
8495
3627
6996
9969
5481
8855
4841
8266
5811
4456
8463
6684
8781
5097
3875
1986
6626
7557
6688
6165
7702
9486
8608
9620
2941
6157
6638
7517
6840
1137
6199
8331
4349
6366
3420
7364
8770
6221
6863
6365
5397
1108
7481
3481
6621
1201
4274
5457
2946
9624
4885
4646
6180
6296
9915
3044
8502
1565
1916
9465
4824
8402
4176
4107
5155
1297
6428
3717
5876
7541
2814
7867
3429
3760
2270
5244
2583
6837
6514
9365
6853
6530
2308
8450
9924
